291.891892
117.711172
98.181818
91.525424
87.876322
85.657634
83.674599
84.622919
81.000000
79.911210
79.332220
79.000305
78.942929
78.341969
77.735125
77.436702
77.110458
76.868327
76.796407
76.731794
76.673428
76.497102
76.149601
76.000586
76.024215
76.015160
76.066258
76.075472
75.982533
75.904885
75.789474
75.631907
75.604582
75.648949
75.637819
75.642023
75.474549
75.358061
75.288230
75.274438
75.191034
75.198939
73.469388
73.406967
73.281062
73.274336
73.357902
73.380989
73.398058
73.429426
73.395962
73.373400
73.361102
73.372334
73.423980
73.482777
73.491315
73.456464
73.427057
73.415284
73.424352
73.481481
73.509075
73.559304
73.592620
73.537604
73.502971
74.592453
74.568470
74.596675
74.620475
74.643629
74.627290
74.618365
74.565037
74.526717
74.522807
74.545374
74.583679
74.604956
74.606627
74.564284
74.544699
74.534774
73.705339
73.728914
73.746174
73.740156
73.694702
73.681019
73.706315
73.736549
73.760740
73.741556
73.736031
73.714895
73.699391
73.694472
73.704891
73.740270
73.760016
73.759625
73.717694
73.691117
73.691393
73.708270
73.731896
73.745772
73.747847
73.738440
73.713337
73.679722
73.686753
73.722344
73.735455
73.741833
73.741647
73.724401
73.718022
73.709654
73.720137
73.744893
73.771311
73.772930
73.766461
73.728125
73.716174
73.733899
73.753309
73.760803
73.775877
73.771637
73.759885
73.742675
73.738779
73.766416
73.806555
73.818722
73.814382
73.813708
73.798735
73.792855
73.811743
73.856675
73.845283
73.865180
73.852165
73.820575
73.814821
73.822598
73.841974
73.857782
73.865135
73.875675
73.873039
73.854247
73.846958
73.866932
73.896204
73.914066
73.938002
73.928843
73.921350
73.929376
73.943443
73.954294
73.972603
74.001264
74.013098
74.009876
73.988902
73.991755
74.012161
74.029427
74.040703
74.051853
74.058577
74.053815
74.049106
74.052911
74.070706
74.089710
74.107126
74.109157
73.703820
73.710669
73.732248
73.749591
73.768092
73.786408
73.796619
73.787030
73.785377
73.799334
73.826092
73.844866
73.858331
73.869112
73.869632
73.861305
73.855575
73.858654
73.877881
73.896929
73.902231
73.901345
73.889476
73.876511
73.881806
73.889459
73.894645
73.904553
73.914371
73.906370
73.891390
73.881235
73.888644
73.911064
73.917120
73.920821
73.918766
73.916730
73.909041
73.911582
73.918598
73.934511
73.949174
73.943725
74.061209
74.381279
74.329639
74.315967
74.312292
74.323947
74.319180
74.317705
74.316242
74.301902
74.278068
74.275726
74.290363
74.297491
74.303511
74.294817
74.287238
74.276608
74.261932
74.260761
73.979725
73.976656
73.965538
73.947479
73.939574
73.946680
73.951746
73.960730
74.032781
73.978495
73.970647
73.961886
73.954166
73.963902
73.985127
73.988919
73.988858
73.982128
73.983990
73.979220
73.982963
73.990434
74.005335
74.009876
73.999523
73.990174
73.983659
73.982701
73.989068
73.997215
74.001670
74.001566
73.994246
73.984283
73.974393
73.975279
73.984160
73.992095
73.983196
73.968205
73.958580
73.949897
73.941276
73.941383
73.953586
73.955373
73.947707
73.935820
73.926571
73.922481
73.926879
73.931249
73.933067
73.934874
73.929152
73.919308
73.912019
73.917176
73.925597
73.932322
73.926720
73.917891
73.915627
73.905272
73.906294
73.687298
73.687403
73.686711
73.671752
73.664793
73.668905
73.671420
73.682533
73.452318
73.446185
73.438549
73.427890
73.433377
73.446469
73.457200
73.456477
73.223348
73.222589
73.224077
73.227048
73.238178
73.248504
73.249160
73.246863
73.317399
73.276759
73.281712
73.294657
73.300258
73.304376
73.097166
73.102542
73.104312
73.113203
73.127025
73.137934
73.136754
73.134170
73.134414
73.133255
73.141895
73.148395
73.153469
73.158514
73.155226
73.145746
73.143201
73.149590
73.158683
73.171824
73.173319
73.172090
73.170867
73.170326
73.165748
73.173956
73.188824
73.194925
73.200328
73.194396
73.192476
73.189905
73.193284
73.203225
73.213117
73.218374
73.217073
73.215779
73.208645
73.211267
73.221632
73.230011
73.234488
73.237018
73.242095
73.247147
73.075522
73.093600
73.110963
72.948516
72.956083
72.962988
72.976086
72.985395
73.000238
73.011301
73.022312
73.029577
73.023909
73.018882
73.019990
73.028408
73.034354
73.032989
73.030421
73.018812
73.010272
73.005979
73.011888
73.021356
73.024221
73.027666
73.025161
73.017340
73.012510
73.025965
73.032894
73.038031
73.054267
73.061084
73.060876
73.062413
73.072647
73.083415
73.096447
73.111153
73.121192
73.124867
73.127954
73.132169
73.190041
73.166173
73.177100
73.197059
73.210140
73.213555
73.222595
73.242859
73.261917
73.287073
73.312133
73.334300
73.357497
73.377818
73.394718
73.405995
73.426098
73.451107
73.473811
73.498085
73.518409
73.529852
73.542346
73.558627
73.573750
73.584444
73.606543
73.628559
73.646145
73.655526
73.662161
73.664447
73.672115
73.684595
73.696489
73.704046
73.711037
73.718534
73.716938
73.716413
73.718013
73.727553
73.736526
73.743353
73.744884
73.745884
73.743207
73.748394
73.759830
73.771222
73.788820
73.805833
73.820189
73.830864
73.844085
73.858805
73.878112
73.899925
73.921663
73.938190
73.954146
73.964927
73.973624
73.842852
73.856294
73.875257
73.887581
73.896328
73.896480
73.905177
73.912837
73.920969
73.933572
73.946130
73.960636
73.969119
73.975583
73.978552
73.981510
73.987420
74.002186
74.011484
74.021239
74.029977
74.039174
74.042469
74.042822
74.050483
74.064926
74.073491
74.083480
74.086173
74.084507
74.089116
74.095634
74.105973
74.112438
74.122232
74.133426
74.137898
74.135681
74.142511
74.153590
74.167002
74.185105
74.200785
74.214525
74.228219
74.240455
74.253120
74.261518
74.277386
74.300690
74.322990
74.341019
74.358058
74.372715
74.385465
74.400030
74.420575
74.440131
74.343264
74.363769
74.375935
74.384848
74.392814
74.403956
74.417348
74.432522
74.441724
74.452260
74.461400
74.464612
74.469625
74.478689
74.491787
74.508451
74.524614
74.539378
74.546013
74.554868
74.564142
74.572492
74.581261
74.594459
74.603165
74.611399
74.616501
74.614499
74.610294
74.609634
74.616025
74.620196
74.626110
74.623235
74.621245
74.649859
74.621212
74.379646
74.384571
74.388618
74.386623
74.386354
74.389090
74.394388
74.399669
74.408350
74.414872
74.416688
74.418498
74.414784
74.416592
74.425586
74.434976
74.438430
74.446928
74.452456
74.459226
74.465556
74.472704
74.376661
74.388496
74.399879
74.405829
74.414249
74.420572
74.325674
74.337460
74.349623
74.362573
74.370151
74.371560
74.372556
74.379267
74.389221
74.396701
74.404160
74.405909
74.404814
74.399269
74.398188
74.398321
74.399259
74.401402
74.405948
74.403661
74.392173
74.384721
74.384873
74.385025
74.385972
74.388108
74.390634
74.388004
74.381430
74.376850
74.379771
74.384257
74.385587
74.383774
74.378051
74.374691
74.370562
74.370342
74.369735
74.373015
74.377061
74.372571
74.366936
74.365565
74.366898
74.369382
74.374551
74.378553
74.378325
74.379629
74.378636
74.377646
74.378565
74.386331
74.286647
74.286937
74.286470
74.287891
74.290062
74.293356
74.300774
74.310800
74.317050
74.320662
74.322020
74.324494
74.329198
74.338358
74.344146
