0.000000
0.813889
0.813889
0.788889
0.791667
0.788889
0.816667
0.652778
0.994444
0.841667
0.811111
0.794444
0.766667
0.841667
0.855556
0.819444
0.830556
0.822222
0.794444
0.794444
0.794444
0.822222
0.866667
0.825000
0.783333
0.791667
0.775000
0.786111
0.816667
0.813889
0.827778
0.844444
0.802778
0.777778
0.797222
0.791667
0.858333
0.841667
0.825000
0.802778
0.833333
0.794444
1.605556
0.847222
0.880556
0.822222
0.775000
0.805556
0.808333
0.800000
0.836111
0.830556
0.825000
0.811111
0.786111
0.780556
0.811111
0.838889
0.836111
0.825000
0.811111
0.777778
0.797222
0.780556
0.791667
0.855556
0.841667
0.005556
0.822222
0.783333
0.786111
0.786111
0.816667
0.811111
0.847222
0.836111
0.808333
0.786111
0.772222
0.786111
0.802778
0.841667
0.822222
0.813889
1.575000
0.791667
0.797222
0.819444
0.858333
0.827778
0.788889
0.783333
0.788889
0.833333
0.819444
0.836111
0.830556
0.819444
0.802778
0.775000
0.791667
0.813889
0.861111
0.844444
0.813889
0.794444
0.786111
0.797222
0.811111
0.825000
0.844444
0.855556
0.805556
0.769444
0.797222
0.805556
0.813889
0.836111
0.822222
0.825000
0.800000
0.780556
0.777778
0.811111
0.822222
0.866667
0.830556
0.788889
0.786111
0.802778
0.791667
0.819444
0.830556
0.838889
0.819444
0.772222
0.752778
0.794444
0.819444
0.813889
0.836111
0.822222
0.783333
0.741667
0.830556
0.780556
0.833333
0.863889
0.822222
0.800000
0.780556
0.786111
0.800000
0.794444
0.816667
0.844444
0.825000
0.777778
0.761111
0.780556
0.769444
0.827778
0.825000
0.797222
0.786111
0.791667
0.777778
0.758333
0.788889
0.816667
0.850000
0.805556
0.772222
0.777778
0.788889
0.788889
0.797222
0.819444
0.819444
0.802778
0.775000
0.772222
0.775000
0.805556
1.633333
0.800000
0.769444
0.777778
0.775000
0.775000
0.791667
0.833333
0.816667
0.783333
0.755556
0.772222
0.783333
0.788889
0.811111
0.830556
0.825000
0.805556
0.769444
0.769444
0.800000
0.813889
0.838889
0.841667
0.800000
0.794444
0.800000
0.788889
0.788889
0.830556
0.847222
0.836111
0.794444
0.758333
0.797222
0.802778
0.816667
0.816667
0.830556
0.805556
0.794444
0.772222
0.775000
0.825000
0.516667
0.008333
0.936111
0.841667
0.816667
0.777778
0.819444
0.811111
0.811111
0.844444
0.869444
0.813889
0.769444
0.788889
0.791667
0.830556
0.827778
0.836111
0.847222
0.811111
1.572222
0.819444
0.841667
0.861111
0.833333
0.791667
0.797222
0.786111
0.608333
0.963889
0.833333
0.836111
0.833333
0.783333
0.750000
0.800000
0.811111
0.830556
0.805556
0.825000
0.800000
0.788889
0.766667
0.797222
0.841667
0.838889
0.830556
0.813889
0.791667
0.786111
0.797222
0.811111
0.833333
0.841667
0.841667
0.808333
0.783333
0.786111
0.838889
0.858333
0.841667
0.838889
0.838889
0.811111
0.772222
0.805556
0.836111
0.850000
0.841667
0.825000
0.797222
0.797222
0.805556
0.805556
0.830556
0.844444
0.836111
0.794444
0.783333
0.788889
0.830556
0.841667
0.819444
0.847222
0.808333
1.569444
0.813889
0.816667
0.866667
0.838889
0.800000
0.805556
0.775000
1.636111
0.838889
0.844444
0.855556
0.797222
0.769444
0.777778
0.819444
1.675000
0.822222
0.813889
0.808333
0.777778
0.780556
0.816667
0.827778
0.552778
0.972222
0.800000
0.769444
0.797222
0.802778
1.616667
0.800000
0.813889
0.786111
0.766667
0.777778
0.825000
0.830556
0.819444
0.825000
0.786111
0.794444
0.800000
0.800000
0.833333
0.858333
0.830556
0.794444
0.783333
0.766667
0.813889
0.825000
0.825000
0.822222
0.838889
0.786111
0.758333
0.794444
0.797222
0.844444
0.827778
0.830556
0.805556
0.777778
0.777778
0.797222
0.825000
0.825000
0.850000
0.808333
0.775000
0.783333
0.800000
0.808333
0.797222
0.797222
1.569444
0.741667
0.744444
1.538889
0.788889
0.791667
0.763889
0.780556
0.755556
0.772222
0.772222
0.788889
0.847222
0.844444
0.816667
0.783333
0.794444
0.827778
0.833333
0.875000
0.861111
0.841667
0.794444
0.777778
0.808333
0.805556
0.833333
0.858333
0.844444
0.758333
0.788889
0.797222
0.744444
0.788889
0.822222
0.813889
0.772222
0.769444
0.758333
0.750000
0.772222
0.802778
0.805556
0.800000
0.538889
0.936111
0.766667
0.722222
0.755556
0.802778
0.775000
0.719444
0.725000
0.694444
0.694444
0.708333
0.702778
0.716667
0.733333
0.761111
0.716667
0.691667
0.702778
0.694444
0.713889
0.758333
0.752778
0.733333
0.738889
0.761111
0.702778
0.702778
0.725000
0.766667
0.780556
0.802778
0.775000
0.750000
0.752778
0.775000
0.777778
0.775000
0.822222
0.816667
0.805556
0.763889
0.766667
0.777778
0.805556
0.808333
0.827778
0.786111
0.752778
0.752778
0.719444
0.722222
0.736111
0.755556
0.741667
0.733333
0.708333
0.694444
0.694444
0.722222
0.725000
0.752778
0.763889
1.525000
0.738889
0.708333
0.744444
0.763889
0.811111
0.763889
0.769444
0.766667
0.741667
0.741667
0.730556
0.763889
0.775000
0.794444
0.794444
0.777778
0.727778
0.758333
0.755556
0.761111
0.758333
0.791667
0.808333
0.766667
0.727778
0.761111
0.752778
0.794444
0.819444
0.783333
0.772222
0.750000
0.772222
0.752778
0.744444
0.783333
0.822222
0.769444
0.744444
0.730556
0.702778
0.716667
0.727778
0.727778
0.736111
0.733333
0.758333
0.713889
0.669444
0.675000
0.700000
0.705556
0.719444
0.730556
0.719444
0.683333
0.688889
1.388889
0.683333
0.733333
0.752778
0.758333
0.738889
0.725000
0.713889
0.750000
0.741667
0.750000
0.786111
0.775000
0.750000
0.725000
0.702778
0.705556
0.713889
0.763889
0.750000
0.747222
0.752778
0.750000
0.722222
0.750000
0.752778
0.772222
0.816667
0.830556
0.808333
0.763889
0.777778
0.766667
0.822222
0.816667
0.622222
0.986111
2.350000
0.775000
0.780556
0.819444
0.808333
0.788889
0.772222
0.772222
0.750000
0.763889
0.794444
0.794444
0.830556
0.794444
0.747222
0.744444
0.783333
0.750000
0.769444
0.761111
0.763889
0.758333
1.444444
0.727778
0.730556
0.766667
0.750000
0.763889
1.444444
0.727778
0.725000
0.719444
0.755556
0.797222
0.800000
0.761111
0.738889
0.755556
0.755556
0.794444
0.813889
0.844444
0.813889
0.805556
0.800000
0.791667
0.775000
0.822222
0.886111
0.858333
0.805556
0.805556
0.800000
0.791667
0.788889
0.825000
0.852778
0.838889
0.786111
0.775000
0.797222
0.819444
0.847222
0.830556
0.836111
0.808333
0.811111
0.783333
0.777778
0.838889
0.847222
0.816667
0.797222
0.788889
0.769444
0.777778
0.808333
0.797222
0.813889
0.813889
0.800000
0.750000
1.536111
0.805556
0.811111
0.797222
0.791667
0.783333
0.752778
0.733333
0.761111
0.780556
0.797222
0.788889
0.772222
0.738889
0.763889
